"degree" "normalised.degree" "species.strength" "interaction.push.pull" "nestedrank" "PDI" "species.specificity.index" "resource.range" "PSI" "node.specialisation.index.NSI" "betweenness" "weighted.betweenness" "closeness" "weighted.closeness" "Fisher.alpha" "partner.diversity" "effective.partners" "proportional.similarity" "proportional.generality" "d"
"BBMV" 45 0.5 1.22487312414371 0.00499718053652686 0.686046511627907 0.915355805243446 0.18524065968735 0.50561797752809 1 1 0.0156500454892096 0 0.0116137744767049 0.00447055958315364 24.7047821161438 3.43296492366512 30.9683254874609 0.329448036398467 0.627735998987785 0.297411748101842
"BBWV-1" 20 0.222222222222222 0.493993680396823 -0.0253003159801589 0.848837209302326 0.956077630234934 0.295384573147523 0.786516853932584 1 1 0.0156500454892096 0 0.0116137744767049 0.00262266187937475 11.4928277039808 2.65284212092547 14.1943233546803 0.202000851426139 0.287722620153087 0.348503213839517
"BCMV" 63 0.7 1.14083638026725 0.00223549809948009 0.290697674418605 0.947124917382683 0.255067894744727 0.303370786516854 1 1 0.0156500454892096 0 0.0116137744767049 0.00705937767416156 24.739776676582 3.26293829596868 26.1261909531317 0.579081688632583 0.529584674649272 0.138737725023881
"BgV" 69 0.766666666666667 1.58219890500599 0.00843766528994189 0.0697674418604651 0.955815365927725 0.249371892980767 0.235955056179775 1 1 0.0156500454892096 0.00424728645587541 0.0116137744767049 0.00767660786827059 25.1759980144566 3.34647906759565 28.4025539117942 0.482143960997685 0.575727142910702 0.201601066840347
"BSV" 64 0.711111111111111 1.41147405862779 0.00642928216605915 0.232558139534884 0.967711413364873 0.30494426082312 0.292134831460674 1 1 0.0156500454892096 0.000943841434638981 0.0116137744767049 0.00750947282485176 22.3887022306208 3.07681851021063 21.6892882623932 0.502414302108205 0.439647505004433 0.250735596608719
"BYMV" 55 0.611111111111111 1.22855668363386 0.00415557606607016 0.453488372093023 0.933083645443196 0.218007310166749 0.393258426966292 1 1 0.0156500454892096 0 0.0116137744767049 0.00754997778235737 19.3386162339261 3.32926080037361 27.9176973225868 0.468153670177099 0.565898973947701 0.216219885408788
"CABMV" 56 0.622222222222222 1.29335671604587 0.0052385127865334 0.441860465116279 0.873595505617977 0.170870232144251 0.382022471910112 1 1 0.0156500454892096 0 0.0116137744767049 0.00584729420042167 26.1913581456799 3.55523692882597 34.9961105729045 0.379651784085282 0.709380248540211 0.252031754082513
"CamV" 67 0.744444444444444 1.20181885123721 0.00301222166025688 0.151162790697674 0.931992903607333 0.179008373232177 0.258426966292135 1 1 0.0156500454892096 0 0.0116137744767049 0.00663495287065236 28.6733918826292 3.66276939283366 38.9691143576979 0.594882865366653 0.78991406690373 0.109434763679781
"CatMV" 38 0.422222222222222 0.965768717699207 -0.000900823218441922 0.744186046511628 0.976799833541407 0.397972021097892 0.584269662921348 1 1.03488372093023 0.00233907470508527 0 0.0114112086428089 0.00732027281189779 11.0786564766436 2.44211604103597 11.4973438719548 0.356510773370168 0.233054145729963 0.311985951291974
"CaYMV" 57 0.633333333333333 2.08768361677091 0.0190821687152791 0.406976744186047 0.963186261076094 0.303281604748647 0.370786516853933 1 1 0.0156500454892096 0.0856536101934875 0.0116137744767049 0.00902206286995465 16.2503728532128 2.93741878085964 18.8670833287453 0.477499526535845 0.382440678174581 0.277161357054796
"CaYSV" 2 0.0222222222222222 0.0265527950310559 -0.486723602484472 0.988372093023256 0.98876404494382 0.703123049310652 0.98876404494382 1 1.17441860465116 0.00630550024244385 0 0.0106009453072248 0.000141234223039353 268435505.000009 0.693147180559945 2 0.00727969348659004 0.0405405193278503 0.437985339042963
"CeMV" 42 0.466666666666667 0.553607083186181 -0.0106284027812814 0.720930232558139 0.948100588550027 0.230771299859436 0.539325842696629 1 1.01162790697674 0.0145467743712757 0 0.0115462525320729 0.00458641645271482 23.3034490392859 3.25091104078254 25.8138466748347 0.400401180451833 0.52325337502365 0.227489213842485
"CHPV" 48 0.533333333333333 1.26352118503591 0.00549002468824822 0.558139534883721 0.957463884430176 0.258423048527472 0.471910112359551 1 1 0.0156500454892096 0 0.0116137744767049 0.0061028503384556 19.9674554697974 3.14268990564008 23.16609774057 0.363325136768266 0.469582816601224 0.303493211031286
"CMBV" 2 0.0222222222222222 0.0695652173913043 -0.465217391304348 0.976744186046512 0.99625468164794 0.787900067809321 0.98876404494382 1 1.32558139534884 0.000770828257363079 0 0.00972316002700878 0.00027879487070039 1.59181590415142 0.562335144618808 1.75476535060332 0.00587484035759898 0.035569549305988 0.520440255126406
"CMV" 60 0.666666666666667 1.18642030732537 0.00310700512208946 0.325581395348837 0.948189762796504 0.236287357068777 0.337078651685393 1 1 0.0156500454892096 0 0.0116137744767049 0.00728529777295221 22.4330964645993 3.30891897183104 27.3555373755219 0.561636929976523 0.554503845848037 0.158178264315201
"CoSMV" 50 0.555555555555556 1.4475995138022 0.00895199027604406 0.534883720930233 0.982009482366695 0.414518055670563 0.449438202247191 1 1 0.0156500454892096 0 0.0116137744767049 0.00808987844609418 14.3925508934523 2.54677264060697 12.7658372827044 0.439838229033631 0.258766836547835 0.251705366178688
"CsCV" 64 0.711111111111111 0.946805169951397 -0.000831169219509418 0.255813953488372 0.950274922304566 0.254976517304963 0.292134831460674 1 1 0.0156500454892096 0 0.0116137744767049 0.00665390377901726 27.457235567523 3.36119311760364 28.82356026896 0.613384919740565 0.584261051090616 0.107749253797576
"CSSV" 55 0.611111111111111 1.29128888592632 0.00529616156229681 0.465116279069767 0.966292134831461 0.288812455958548 0.393258426966292 1 1 0.0156500454892096 0 0.0116137744767049 0.00657079810050731 20.4754990692936 3.10773778174361 22.3703804328587 0.460851122058019 0.453453420154837 0.224656796784901
"CyLNV" 59 0.655555555555556 1.4577082800635 0.0077577674587034 0.372093023255814 0.920545746388443 0.173161308126804 0.348314606741573 1 1 0.0156500454892096 0 0.0116137744767049 0.00638618815667769 25.9602350309607 3.60246762384083 36.6886566376214 0.449934259353444 0.743688596765176 0.235338584448265
"CYV" 48 0.533333333333333 0.87426863149686 -0.00261940351048209 0.569767441860465 0.926698769395399 0.202931265542545 0.471910112359551 1 1 0.0156500454892096 0.0596979707409155 0.0116137744767049 0.00542237729031873 23.4659414336176 3.37296270489417 29.1648058984879 0.426201292227773 0.591178188610326 0.21789207999796
"DBRTV1" 58 0.644444444444444 1.31282648144124 0.00539356002484897 0.395348837209302 0.939756155868994 0.225803372711256 0.359550561797753 1 1 0.0156500454892096 0.00047192071731949 0.0116137744767049 0.00727895281999668 21.4495287328221 3.32870730099915 27.9022491702482 0.455194197772908 0.565585835888471 0.228699051792205
"DBTRV1" 61 0.677777777777778 1.3847767120638 0.00630781495186554 0.313953488372093 0.960343688037013 0.25778484728934 0.325842696629214 1 1 0.0156500454892096 0 0.0116137744767049 0.0070029327623066 22.8089517081471 3.28926984125329 26.8232712578644 0.514195319367733 0.543714673432812 0.168456394938312
"FBaV-1" 64 0.711111111111111 1.03850807868082 0.000601688729387766 0.267441860465116 0.887640449438202 0.166385998319866 0.292134831460674 1 1 0.0156500454892096 0 0.0116137744767049 0.00646011968914423 28.4001357219272 3.6634635751954 38.9961754211076 0.634563327457789 0.790462601685827 0.0897494526230541
"FreMV" 15 0.166666666666667 0.317872033812111 -0.0454751977458593 0.86046511627907 0.981493721083939 0.419559247957683 0.842696629213483 1 1.04651162790698 0.00431946881394937 0 0.0113436866981769 0.00236397838291193 7.87891411209554 2.16611529948028 8.72432672987131 0.09757343550447 0.176844368207414 0.405160300160604
"GLRaV-1" 56 0.622222222222222 1.45138771367537 0.00806049488706018 0.418604651162791 0.954920806822797 0.281730105515131 0.382022471910112 1 1.04651162790698 0.00114278409662788 0.00047192071731949 0.0113436866981769 0.00787857833847385 17.4246834888306 3.03762282035314 20.8556067371725 0.479130235452075 0.422748564011193 0.231118336671298
"GLRaV-10" 28 0.311111111111111 0.397065277563901 -0.0215333829441464 0.802325581395349 0.918138041733547 0.207057924926835 0.696629213483146 1 1.02325581395349 0.00516851061373471 0 0.0114787305874409 0.00266696783154499 21.3008378760585 3.12492526700757 22.7581942420146 0.242486164325245 0.461314506767681 0.244482883229564
"GRSPaV" 4 0.0444444444444444 0.145754948835962 -0.213561262791009 0.965116279069767 0.971910112359551 0.507002105578237 0.966292134831461 1 1.08139534883721 0.0101511583192094 0 0.0111411208642809 0.000472972852792917 3.87837451962527 1.35178399428965 3.86431329785834 0.014176245210728 0.0783306339703475 0.493618395127132
"HarMV" 50 0.555555555555556 1.57094548623071 0.0114189097246142 0.523255813953488 0.994840317613982 0.694017649235836 0.449438202247191 1 1 0.0156500454892096 0.208352996696555 0.0116137744767049 0.0106874798916137 9.81323965982041 1.40880017142969 4.09104390682123 0.337990398993691 0.082926522287785 0.428696184105511
"HBV" 42 0.466666666666667 0.924159213664222 -0.00180573300799471 0.709302325581395 0.957446808510638 0.299162376212023 0.539325842696629 1 1 0.0156500454892096 0 0.0116137744767049 0.00671753688551345 15.2248626787629 2.84979733043162 17.2842784883072 0.344742443593018 0.350356813061583 0.325388250425515
"IYVV" 56 0.622222222222222 0.997780497933964 -3.96339654649206e-05 0.430232558139535 0.93545302414535 0.219194128510198 0.382022471910112 1 1.02325581395349 0.00516851061373471 0 0.0114787305874409 0.00728795592839561 19.7422409214998 3.32724779479274 27.8615553680635 0.597760238936496 0.564760961951475 0.125581678737168
"LMV" 51 0.566666666666667 1.53009149539952 0.0103939508901866 0.511627906976744 0.956460674157303 0.286630283179518 0.438202247191011 1 1 0.0156500454892096 0.0181689476168004 0.0116137744767049 0.0087531884266737 14.5710477241958 3.0489972159907 21.0941809057943 0.523574679896519 0.427584524358262 0.207005455646299
"LPV" 45 0.5 0.658156324642626 -0.00759652611905277 0.674418604651163 0.929213483146067 0.213535573568867 0.50561797752809 1 1.05813953488372 0.000485108438952218 0 0.0112761647535449 0.00519058968345005 22.2377441775642 3.33607123036399 28.1084777566931 0.46070318468366 0.569766142885833 0.187237234730439
"MerMV" 58 0.644444444444444 1.26888250773965 0.00463590530585608 0.383720930232558 0.965116279069767 0.296246942021575 0.359550561797753 1 1.02325581395349 0.00638290303148586 0 0.0114787305874409 0.00748247177535716 19.7395993468008 3.07874756875746 21.7311685510674 0.543572275345907 0.44049642933066 0.145504752539263
"MWMV" 47 0.522222222222222 1.76202298586248 0.0162132550183507 0.581395348837209 0.95838992468206 0.314404908804699 0.48314606741573 1 1 0.0156500454892096 0.0297310051911279 0.0116137744767049 0.0087212567870591 13.4678107305216 2.84051071246254 17.1245090044204 0.346588128573304 0.347118244136826 0.392628349833546
"NLSYV" 2 0.0222222222222222 0.0283034953111679 -0.485848252344416 1 0.98876404494382 0.703123049310652 0.98876404494382 1 1.23255813953488 0.00425642039568541 0 0.0102633355840648 0.000140903218293488 268435505.000009 0.693147180559945 2 0.00706683695189442 0.0405405193278503 0.44397864745439
"NoMV" 47 0.522222222222222 0.887109425030786 -0.00240192712700456 0.604651162790698 0.953451043338684 0.257852807755648 0.48314606741573 1 1.02325581395349 0.00516851061373471 0 0.0114787305874409 0.00644659250830956 18.5097816585847 3.11192515274813 22.4642499112499 0.390996168582375 0.455356178856344 0.236370342314222
"OYDV" 70 0.777777777777778 1.65603833062815 0.00937197615183077 0.0465116279069767 0.881116346502356 0.160154271038142 0.224719101123595 1 1 0.0156500454892096 0.00117980179329873 0.0116137744767049 0.00774348359775586 25.9581553230989 3.71705513328684 41.1430547198154 0.611341162184821 0.833980402537738 0.111755819515457
"PapMV" 46 0.511111111111111 0.968185593961341 -0.000691617522579542 0.63953488372093 0.975626620570441 0.337092755025771 0.49438202247191 1 1 0.0156500454892096 0.000235960358659745 0.0116137744767049 0.00629363726408795 18.3874552037332 2.93976500608955 18.9114017258064 0.356867413111136 0.383339023590898 0.318327754191035
"PAV" 50 0.555555555555556 1.15490849135534 0.00309816982710689 0.546511627906977 0.981304881503163 0.40091548735143 0.449438202247191 1 1 0.0156500454892096 0 0.0116137744767049 0.00776718511682853 16.6932900933785 2.62739118100291 13.8376229186178 0.320533873733772 0.280492209691865 0.357647609694326
"PClSV" 54 0.6 1.34862741133212 0.00645606317281696 0.476744186046512 0.951031360053664 0.250304674879308 0.404494382022472 1 1 0.0156500454892096 0 0.0116137744767049 0.00788290198780644 17.6408679501181 3.16018574515243 23.5749744596347 0.44053737084826 0.477870853867199 0.222956353344378
"PDV-1" 11 0.122222222222222 0.148266848900681 -0.0774302864635745 0.906976744186046 0.961797752808989 0.349973136148518 0.887640449438202 1 1.01162790697674 0.0145467743712757 0 0.0115462525320729 0.00128190630612731 8.75498097303969 2.19737006268131 9.00130946335735 0.0896551724137931 0.1824588801376 0.309861774635225
"PeAV" 8 0.0888888888888889 0.174565832628001 -0.1031792709215 0.930232558139535 0.993390614672835 0.641752524912891 0.921348314606742 1 1.01162790697674 0.0149330261040607 0 0.0115462525320729 0.00159835939437295 3.8399793742714 1.35792909073339 3.888132987952 0.0450830140485313 0.0788134652736603 0.492579664605036
"PeMoV" 46 0.511111111111111 1.16468643132051 0.00358013981131542 0.627906976744186 0.953268641470889 0.254191108356814 0.49438202247191 1 1 0.0156500454892096 0 0.0116137744767049 0.00654644602678382 17.4136314075913 3.14271006143391 23.1665646763656 0.343359907580881 0.469592281511047 0.30962508083779
"PenMV" 45 0.5 1.12293473627676 0.00273188302837245 0.662790697674419 0.956352636127917 0.289882327107302 0.50561797752809 1 1 0.0156500454892096 0.00235960358659745 0.0116137744767049 0.00700740582020652 15.8870201314386 2.97591257507681 19.6075084110727 0.346890115747026 0.39744928685504 0.326668141225955
"PiCV-1" 35 0.388888888888889 0.887636039920686 -0.00321039885940898 0.767441860465116 0.966953073364177 0.300787868483484 0.617977528089888 1 1.01162790697674 0.0092123389401353 0 0.0115462525320729 0.00453145905556736 15.4052490775243 2.88753598667696 17.9490284240761 0.279969882388822 0.363831466871196 0.295007894106305
"PkMV" 32 0.355555555555556 0.551837322555704 -0.0140050836701342 0.779069767441861 0.928498467824311 0.205539715135365 0.651685393258427 1 1.02325581395349 0.00516851061373471 0 0.0114787305874409 0.00341463674686334 19.5300365116015 3.2044311524899 24.641478785011 0.2757343550447 0.499489173475275 0.270239322263649
"PMNV" 12 0.133333333333333 0.531063965097994 -0.0390780029085005 0.883720930232558 0.988139825218477 0.517311382904193 0.876404494382023 1 1.02325581395349 0.00516851061373471 0 0.0114787305874409 0.00344537040269879 4.05873376044148 1.7781414588174 5.9188457712704 0.0822903363133248 0.119976540694376 0.551327530991756
"PPV" 35 0.388888888888889 1.12303695134736 0.00351534146706757 0.755813953488372 0.99438202247191 0.668513359896084 0.617977528089888 1 1 0.0156500454892096 0.0323265691363851 0.0116137744767049 0.00720565890263518 11.2763264837606 1.6599206583643 5.25889357867535 0.209291187739464 0.106599138384698 0.588694150476154
"PRSV" 62 0.688888888888889 1.95725628422026 0.0154396174874235 0.302325581395349 0.984176888980517 0.428331661127065 0.314606741573034 1 1.02325581395349 0.00638290303148586 0.0974516281264747 0.0114787305874409 0.00940573947888832 18.279002563082 2.65382410288016 14.2082687700261 0.357175697865353 0.288005297343267 0.387885524617145
"PSbMV" 24 0.266666666666667 0.326309064652832 -0.0280704556394653 0.825581395348837 0.963295880149813 0.306490675894247 0.741573033707865 1 1.03488372093023 0.00518661242302847 0 0.0114112086428089 0.00297467289218057 13.9475502862749 2.6803188551945 14.5897445701425 0.233421136653895 0.295737910867131 0.307794515724372
"PVMV" 9 0.1 0.411578857196375 -0.0653801269781806 0.918604651162791 0.979935794542536 0.443691233604191 0.910112359550562 1 1.06976744186047 0.00378197153323509 0 0.0112086428089129 0.00207382118892092 3.66764401304262 1.82904782189957 6.22795371322646 0.0378458918688804 0.126242238942007 0.53473121461387
"PYMAV" 29 0.322222222222222 0.505455621410525 -0.0170532544341198 0.790697674418605 0.969317199654278 0.298032941262106 0.685393258426966 1 1.03488372093023 0.00233907470508527 0 0.0114112086428089 0.00405726127581037 14.0112077534025 2.88650076572865 17.9304568283607 0.290449544223688 0.363455015803671 0.27688064983681
"PyV" 47 0.522222222222222 1.46127510477455 0.00981436393137338 0.593023255813954 0.973662921348315 0.411534822978161 0.48314606741573 1 1.02325581395349 0.00516851061373471 0.0771590372817367 0.0114787305874409 0.00752599306912697 13.591547832939 2.41554243264986 11.1958417008377 0.363989155519706 0.226942618432181 0.372730767187533
"PYV" 69 0.766666666666667 1.43455827812692 0.00629794605981047 0.0930232558139535 0.926246038605589 0.205776952010525 0.235955056179775 1 1 0.0156500454892096 0 0.0116137744767049 0.00684766642060595 28.3454493184004 3.47465178790647 32.286583999975 0.5316499628403 0.654457441340625 0.156514622563668
"RCCV-A" 4 0.0444444444444444 0.12664174750818 -0.218339563122955 0.953488372093023 0.985955056179775 0.570826327904743 0.966292134831461 1 1.04651162790698 0.00775962670444393 0 0.0113436866981769 0.000599278258193492 2.75920174118743 1.21488965394912 3.36992218619932 0.0189442315879098 0.0683091977614826 0.508024727117508
"RuFDV" 21 0.233333333333333 0.348362654021265 -0.0310303498085112 0.837209302325581 0.969749351771824 0.319376587267104 0.775280898876405 1 1.05813953488372 0.000657675657675658 0 0.0112761647535449 0.00244552408656099 14.235484294401 2.6277857086521 13.8430833205272 0.176500638569604 0.280602893456438 0.34702200526853
"SCBV" 54 0.6 1.16188022322749 0.00299778191162018 0.488372093023256 0.951123595505618 0.252841541616073 0.404494382022472 1 1.01162790697674 0.0128206095805602 0 0.0115462525320729 0.00609548193312133 23.2462583890596 3.2061684518811 24.6843256192154 0.425978045937225 0.500357689930375 0.233857312912636
"SCMV" 46 0.511111111111111 1.72726883755287 0.0158101921207146 0.616279069767442 0.961362072919055 0.314076322664949 0.49438202247191 1 1 0.0156500454892096 0.0127418593676262 0.0116137744767049 0.00858327607911124 12.9930063953458 2.76466509899172 15.8737229744972 0.331332481907195 0.321764486526272 0.343220641412047
"SPBgV" 59 0.655555555555556 1.04189148022848 0.000710025088618307 0.348837209302326 0.966292134831461 0.290251327651826 0.348314606741573 1 1 0.0156500454892096 0 0.0116137744767049 0.00708201313382489 21.8252164013201 3.16687050916751 23.7330955127047 0.55611206336403 0.48107600867126 0.129021290068125
"SPC6V" 64 0.711111111111111 1.03751514244732 0.000586174100739437 0.22093023255814 0.975085490962384 0.436489283479139 0.292134831460674 1 1.02325581395349 0.00516851061373471 0 0.0114787305874409 0.00810381346954117 20.513405478664 2.45780353877741 11.6791305892464 0.511699630665148 0.236739009692916 0.157570500950156
"SPCFV" 78 0.866666666666667 1.80976494948272 0.0103816019164452 0 0.972824666840867 0.342598667597218 0.134831460674157 1 1.02325581395349 0.00516851061373471 0.0835299669655498 0.0114787305874409 0.00861848460592154 24.1194052104081 2.97629792396803 19.615065598682 0.611787473610134 0.397602473010209 0.126938114187616
"SPCSV" 69 0.766666666666667 1.22412764988215 0.0032482268098863 0.0813953488372093 0.964484050109777 0.286756902847492 0.235955056179775 1 1.01162790697674 0.011606217162809 0 0.0115462525320729 0.00738295296558638 25.2841873337187 3.21086940035464 24.8006385383762 0.658707713873777 0.502715383004035 0.0741884515701829
"SPCV" 64 0.711111111111111 1.10647274005143 0.00166363656330361 0.244186046511628 0.877936670071502 0.162466503902193 0.292134831460674 1 1.02325581395349 0.00638290303148586 0 0.0114787305874409 0.00665037827344106 27.0600443480659 3.65074141339045 38.5032022588909 0.573350361856109 0.780469907680347 0.123729619498092
"SPFMV" 76 0.844444444444444 1.75542514566539 0.00993980454822885 0.0116279069767442 0.93900481540931 0.221915058914336 0.157303370786517 1 1 0.0156500454892096 0.141812175554507 0.0116137744767049 0.00872905975911736 25.0606075835551 3.46141299080957 31.8619653870177 0.634831069313828 0.645850311797845 0.108154357664954
"SPGVaV" 59 0.655555555555556 1.01651449137221 0.000279906633427327 0.337209302325581 0.938618393674573 0.236828832306444 0.348314606741573 1 1.01162790697674 0.0092123389401353 0.000235960358659745 0.0115462525320729 0.00734211402400545 20.3562130396727 3.23912139510785 25.5112975469582 0.697795074658362 0.5171206256405 0.0897740250219198
"SPLCV" 67 0.744444444444444 1.16876154416013 0.00251882901731533 0.127906976744186 0.94404053756334 0.219480703852085 0.258426966292135 1 1.01162790697674 0.0092123389401353 0 0.0115462525320729 0.00687348977753144 26.5299855316819 3.46024543928486 31.8247866090426 0.585409905854602 0.645096688314302 0.114109670648849
"SPLV" 52 0.577777777777778 1.61527279432973 0.0118321691217256 0.5 0.986705100300018 0.514794619703811 0.426966292134831 1 1.02325581395349 0.00516851061373471 0.00448324681453516 0.0114787305874409 0.00937871614109304 12.286243266799 2.03847168558195 7.67886450703378 0.442137937159851 0.155652577481673 0.25544404457227
"SPMMV" 65 0.722222222222222 1.05932603229923 0.000912708189218898 0.197674418604651 0.917704221075008 0.190990918455601 0.280898876404494 1 1 0.0156500454892096 0 0.0116137744767049 0.00719237697776289 25.1614709137222 3.52342533791357 33.9003499693774 0.709602041211237 0.687168896577217 0.0649270261834091
"SPMV" 65 0.722222222222222 1.05169231497327 0.000795266384204227 0.209302325581395 0.957677902621723 0.239485754908723 0.280898876404494 1 1 0.0156500454892096 0 0.0116137744767049 0.00690542061071813 26.2508675815108 3.4258675390509 30.7493095103024 0.677994802132733 0.623296488260232 0.0757784211707573
"SPPV" 73 0.811111111111111 1.65480046161825 0.00896986933723625 0.0348837209302326 0.958202247191011 0.243351090275396 0.191011235955056 1 1 0.0156500454892096 0.0580462482302973 0.0116137744767049 0.00842906261310089 24.1521075026478 3.42377323215053 30.6849784072635 0.652687764717767 0.621992480097168 0.0840266487293752
"SPSMV-1" 65 0.722222222222222 1.09083422120566 0.00139744955701011 0.186046511627907 0.960749063670412 0.246664099431286 0.280898876404494 1 1 0.0156500454892096 0 0.0116137744767049 0.00748621337734322 23.9664060584505 3.38187023792301 29.4257528416841 0.673796539470676 0.59646765090742 0.0730648671923458
"SPV2" 67 0.744444444444444 1.14393617250717 0.00214830108219649 0.116279069767442 0.952996254681648 0.244426464150429 0.258426966292135 1 1 0.0156500454892096 0 0.0116137744767049 0.00690291466465516 26.2374585324832 3.36776923904976 29.0137321130322 0.592609703246507 0.588115883750727 0.11100495460081
"SPVC" 75 0.833333333333333 1.77324468281924 0.0103099291042566 0.0232558139534884 0.947565543071161 0.25303950641267 0.168539325842697 1 1 0.0156500454892096 0.0606418121755545 0.0116137744767049 0.00828645444697 23.9043903233179 3.32117210764013 27.692790474558 0.679086663710102 0.561340053737963 0.0872656402914501
"SPVCV" 63 0.7 1.11630543767257 0.00184611805829478 0.27906976744186 0.945448624002606 0.274779408749643 0.303370786516854 1 1 0.0156500454892096 0 0.0116137744767049 0.00767231424297976 20.9228261666273 3.13702787977327 23.0353013316833 0.651239415129252 0.466931539429981 0.0907265007047162
"SPVE" 67 0.744444444444444 1.0922243797019 0.0013764832791329 0.13953488372093 0.961476725521669 0.253895383468548 0.258426966292135 1 1 0.0156500454892096 0.0200566304860783 0.0116137744767049 0.00654472385516462 27.9663331525182 3.39065859673524 29.6854966048929 0.604881967618341 0.601732724433748 0.11625621112122
"SPVF" 40 0.444444444444444 1.03691132189816 0.000922783047454072 0.732558139534884 0.90529695024077 0.202286738256792 0.561797752808989 1 1.03488372093023 0.0080597618690107 0 0.0114112086428089 0.00599721630546554 15.1170562584927 3.25604916812502 25.9468228379277 0.385641859205078 0.525948836378659 0.252322330344375
"SPVG" 70 0.777777777777778 1.23015551939414 0.00328793599134492 0.0581395348837209 0.941133365901319 0.205738082350232 0.224719101123595 1 1 0.0156500454892096 0 0.0116137744767049 0.00672617072547887 29.498988214796 3.55652926572869 35.0413665747517 0.696221981924253 0.710297599449005 0.0672302345440089
"SPYMV" 66 0.733333333333333 1.13432948392176 0.00203529521093574 0.162790697674419 0.854681647940075 0.136739207229229 0.269662921348315 1 1 0.0156500454892096 0 0.0116137744767049 0.00597343962965883 33.2217753901132 3.82900336483668 46.0166535578374 0.652976834283549 0.93276951648225 0.088000628173753
"TaBV" 7 0.0777777777777778 0.208843177986251 -0.113022403144821 0.941860465116279 0.984269662921348 0.476999046002862 0.932584269662921 1 1.04651162790698 0.00114278409662788 0 0.0113436866981769 0.000757891533067129 7.02812557237099 1.6987829895138 5.46728959247806 0.0537249893571733 0.110823379697406 0.445575489296289
"ToBV-1" 69 0.766666666666667 1.04040227906509 0.000585540276305713 0.104651162790698 0.96396745447501 0.25513901660514 0.235955056179775 1 1 0.0156500454892096 0 0.0116137744767049 0.00633732670081737 32.0399628189491 3.43715683717317 31.0984144998424 0.592525246180795 0.630372937048181 0.0995212612662375
"ToLCPaV" 46 0.511111111111111 0.759640228530951 -0.00522521242324019 0.651162790697674 0.959871589085072 0.248520905457545 0.49438202247191 1 1 0.0156500454892096 0 0.0116137744767049 0.00528753787210781 21.6089641172675 3.24661829216748 25.7032718250917 0.525643891017454 0.52101199410706 0.18689515759543
"TuMV" 59 0.655555555555556 1.28850875960351 0.00488997897633066 0.36046511627907 0.92823486770569 0.191729493210227 0.348314606741573 1 1 0.0156500454892096 0 0.0116137744767049 0.00636155187788523 25.7391426064872 3.5094518755367 33.4299389938056 0.444754898953564 0.677633543953616 0.231408905265994
"UPotV1" 12 0.133333333333333 0.428198381121447 -0.0476501349065461 0.895348837209302 0.993757802746567 0.649095820419619 0.876404494382023 1 1.02325581395349 0.00516851061373471 0 0.0114787305874409 0.00329667943333459 4.1684037253577 1.46206286706541 4.31485131857865 0.0764154959557258 0.087463156638819 0.577465991349235
"WMV" 44 0.488888888888889 0.953497751946887 -0.00105686927393438 0.697674418604651 0.962633916906193 0.286573187501197 0.51685393258427 1 1 0.0156500454892096 0 0.0116137744767049 0.00591975904283479 18.1988417544983 3.02645182271875 20.6239252695234 0.395160603688598 0.418052320502628 0.294934367099673
"WTMV" 13 0.144444444444444 0.76116794224602 -0.0183716967503062 0.872093023255814 0.991158592742678 0.585740905138005 0.865168539325843 1 1 0.0156500454892096 0 0.0116137744767049 0.0042119177414769 3.84784899164857 1.54773513807592 4.7008114280277 0.0781609195402299 0.0952866682772683 0.64916069001113
"YMV" 65 0.722222222222222 1.31776510906576 0.00488869398562714 0.174418604651163 0.985037835358863 0.443935991931111 0.280898876404494 1 1.03488372093023 0.00233907470508527 0 0.0114112086428089 0.0080861602291249 20.7118402166929 2.66224517984082 14.3284228983417 0.489435701956138 0.290440852723917 0.202590154900002
"ZTMV" 27 0.3 0.36655529586018 -0.0234609149681415 0.813953488372093 0.943820224719101 0.238204897165671 0.707865168539326 1 1.03488372093023 0.00518661242302847 0 0.0114112086428089 0.00286974192420064 18.8873261912837 2.99999159470433 20.0853680990206 0.234589186888037 0.407135626812667 0.260953055017581
