"TZ1" "TZ10" "TZ100" "TZ101" "TZ102" "TZ103" "TZ104" "TZ105" "TZ106" "TZ107" "TZ108" "TZ109" "TZ110" "TZ111" "TZ112" "TZ114" "TZ115" "TZ116" "TZ15" "TZ17" "TZ18" "TZ19" "TZ2" "TZ20" "TZ22" "TZ23" "TZ29" "TZ3" "TZ31" "TZ32" "TZ34" "TZ35" "TZ36" "TZ37" "TZ38" "TZ39" "TZ40" "TZ41" "TZ42" "TZ43" "TZ44" "TZ46" "TZ48" "TZ49" "TZ52" "TZ54" "TZ55" "TZ57" "TZ58" "TZ59" "TZ60" "TZ61" "TZ62" "TZ63" "TZ64" "TZ65" "TZ66" "TZ67" "TZ68" "TZ69" "TZ70" "TZ71" "TZ72" "TZ73" "TZ75" "TZ76" "TZ77" "TZ78" "TZ79" "TZ80" "TZ81" "TZ82" "TZ83" "TZ84" "TZ86" "TZ87" "TZ88" "TZ89" "TZ9" "TZ91" "TZ93" "TZ95" "TZ96" "TZ98" "UG134" "UG135" "UG136" "UG137" "UG139" "UG140"
"BBMV" 0 0 0 1 1 0 0 0 0 1 1 2 2 1 0 0 1 0 0 0 0 2 1 0 0 0 10 0 0 0 1 10 0 1 3 0 2 6 3 1 0 1 5 0 4 0 0 1 0 0 0 2 2 4 5 1 3 0 15 0 4 1 1 1 1 1 2 0 5 0 4 1 0 7 2 0 0 0 0 0 0 0 3 1 0 0 1 0 0 0
"BBWV-1" 0 0 0 0 0 0 0 0 0 0 0 0 0 0 0 0 0 0 0 0 3 0 4 0 0 0 1 0 0 0 0 0 0 2 0 0 0 0 2 1 0 2 0 1 0 0 0 0 0 0 0 0 1 0 1 3 0 0 0 2 0 9 0 0 0 2 0 0 0 0 11 0 0 1 2 0 0 0 0 0 0 1 1 4 0 0 0 0 0 0
"BCMV" 0 5 22 1 2 2 0 1 14 2 1 1 2 1 0 0 0 3 0 1 1 0 1 1 1 1 0 2 0 2 0 47 12 1 10 6 1 1 6 2 2 4 7 3 0 5 51 4 0 2 16 1 1 1 1 0 0 1 0 1 0 1 6 3 6 2 0 0 2 1 1 1 2 3 0 0 0 0 1 2 0 1 1 2 2 0 0 0 1 0
"BgV" 0 1 29 2 0 1 0 8 1 2 1 1 2 0 4 1 0 5 0 0 0 2 1 0 0 0 3 1 0 6 0 11 37 1 1 4 1 9 4 4 2 2 6 3 3 13 1 2 1 3 3 1 6 2 2 8 0 1 0 4 1 1 30 3 1 1 1 1 3 2 1 0 1 1 4 12 0 5 0 1 0 2 1 4 6 74 0 1 0 2
"BSV" 0 2 13 1 2 1 0 1 0 9 1 2 1 1 2 1 0 2 0 0 1 0 2 4 1 1 1 2 1 1 1 7 15 0 8 2 6 1 0 5 2 6 5 1 9 2 4 2 0 16 48 0 3 1 2 3 0 1 0 1 2 0 6 0 2 1 1 0 0 1 2 95 1 3 2 0 0 0 0 1 0 1 2 3 4 37 0 0 0 0
"BYMV" 0 1 45 39 1 1 1 2 9 21 2 0 0 1 6 0 0 2 0 0 0 0 0 8 0 0 1 0 0 1 1 1 19 15 0 6 4 1 1 5 7 2 5 11 6 0 2 1 0 5 14 1 1 0 1 2 0 0 0 1 1 0 9 8 1 3 1 0 0 3 2 0 2 7 8 0 0 0 0 1 0 0 1 4 1 8 0 0 0 0
"CABMV" 0 0 8 11 0 0 0 0 1 8 16 0 2 2 0 4 2 0 0 0 0 0 1 1 1 16 5 6 1 0 6 1 10 11 1 0 1 1 8 4 7 2 1 4 2 0 0 1 0 0 0 1 2 2 1 3 0 1 1 1 1 0 3 14 2 1 0 0 1 2 1 0 1 0 3 1 0 0 2 0 0 0 2 2 1 0 1 1 0 0
"CamV" 0 1 8 17 0 2 0 3 1 2 5 1 2 2 3 0 0 0 0 0 1 1 0 2 2 3 3 1 1 1 1 8 7 13 0 5 2 4 1 1 6 1 7 6 3 6 6 0 1 4 16 1 1 1 2 6 1 0 1 1 1 1 4 12 0 2 0 1 0 0 7 2 2 8 2 1 0 0 0 1 0 2 0 4 4 38 1 0 1 0
"CatMV" 0 0 1 12 1 0 6 1 0 0 1 1 0 0 21 0 0 1 0 0 0 0 0 0 0 0 1 1 0 2 0 4 0 28 0 0 3 2 1 0 5 1 2 2 5 8 0 1 0 11 0 0 1 0 0 0 0 0 0 6 0 0 2 4 3 0 1 2 0 0 6 0 0 3 70 0 0 0 0 0 0 0 0 2 1 108 0 0 0 0
"CaYMV" 0 1 1 6 11 0 0 27 1 4 3 1 0 1 15 1 1 11 0 1 0 0 0 2 0 0 4 55 0 3 0 12 1 9 27 5 3 1 0 2 8 2 2 0 3 5 123 6 0 3 0 0 1 1 1 1 0 2 0 1 2 0 0 18 82 1 0 1 0 0 11 0 0 3 3 17 0 0 0 12 0 2 0 1 2 0 1 1 0 1
"CaYSV" 0 0 0 0 0 0 0 0 0 0 0 0 0 1 0 0 0 0 0 0 0 0 0 0 0 0 0 0 0 0 0 0 0 0 0 0 0 0 0 0 0 0 0 0 0 0 0 0 0 0 0 0 0 0 0 0 0 0 0 0 0 0 0 0 0 1 0 0 0 0 0 0 0 0 0 0 0 0 0 0 0 0 0 0 0 0 0 0 0 0
"CeMV" 0 0 2 4 3 3 0 0 2 1 0 1 0 0 4 3 1 1 0 0 0 0 0 0 0 0 0 0 0 0 1 2 7 1 6 21 0 12 2 1 1 2 1 1 1 0 0 0 0 3 0 0 0 0 0 1 0 0 0 0 3 0 1 1 2 1 0 2 0 0 1 2 0 1 1 9 2 0 0 1 0 0 0 1 2 0 0 0 0 0
"CHPV" 0 0 17 1 16 2 0 1 0 0 2 1 0 0 1 2 2 3 1 0 0 0 1 0 0 0 0 0 1 8 1 3 9 1 3 42 1 1 1 1 2 2 3 0 0 14 0 0 0 0 0 0 0 1 1 3 0 15 0 1 0 0 8 0 1 4 0 1 1 0 4 1 1 0 1 4 0 0 0 0 0 0 0 3 5 0 2 0 1 0
"CMBV" 1 0 0 0 0 0 0 0 0 0 0 0 0 0 0 0 0 0 0 0 0 0 0 0 0 0 0 0 0 0 0 0 0 0 0 0 0 0 0 0 0 0 0 0 0 0 0 0 0 0 0 0 0 0 0 0 0 0 0 0 0 0 0 0 0 3 0 0 0 0 0 0 0 0 0 0 0 0 0 0 0 0 0 0 0 0 0 0 0 0
"CMV" 0 1 3 4 0 13 1 1 4 12 0 1 2 0 3 1 9 11 0 0 1 0 1 4 0 0 2 0 0 4 0 54 1 2 0 28 7 1 6 4 1 1 4 1 3 17 32 5 0 1 13 1 2 1 0 2 0 1 0 0 0 0 1 2 1 3 3 0 1 1 1 0 1 7 1 3 5 1 0 2 0 0 1 1 2 0 0 0 0 0
"CoSMV" 0 0 4 5 0 2 0 0 0 0 1 1 0 1 3 0 2 4 0 0 0 0 0 0 0 0 1 2 50 11 1 5 2 8 0 18 51 0 0 2 2 0 2 5 1 11 173 8 2 4 5 0 0 1 3 3 0 1 0 3 7 0 0 25 1 2 1 0 0 1 0 0 2 3 2 2 0 1 1 0 0 2 0 0 0 0 1 0 0 1
"CsCV" 0 1 3 4 1 1 1 0 9 2 3 0 0 1 5 3 7 3 0 0 0 0 0 3 0 0 2 2 1 2 0 4 2 2 12 7 8 0 2 5 5 1 1 2 1 44 47 1 0 1 0 1 1 1 1 0 0 1 1 2 1 1 1 1 2 4 3 0 1 1 3 0 0 6 4 4 1 1 0 1 0 1 1 2 3 6 0 0 0 0
"CSSV" 0 0 4 1 1 0 5 4 0 5 1 0 0 1 3 0 2 23 1 0 0 0 0 0 0 0 0 1 0 2 0 1 2 2 1 1 8 6 1 4 4 0 1 3 16 3 6 10 1 1 9 0 1 1 0 2 0 1 0 1 0 0 10 1 1 1 3 3 0 1 3 0 0 2 7 1 0 31 1 0 0 0 1 3 1 70 0 0 0 0
"CyLNV" 3 0 6 1 1 0 0 28 1 0 5 1 4 1 6 0 12 8 0 1 2 0 1 0 0 0 4 1 5 2 5 3 8 1 17 1 6 8 1 1 2 2 3 5 1 2 0 6 1 7 0 0 1 1 1 0 0 1 0 11 4 0 8 5 2 0 2 1 0 0 1 1 4 0 5 1 1 1 0 0 0 0 0 1 1 0 0 0 0 0
"CYV" 0 0 3 0 0 11 1 2 1 0 1 3 0 0 12 1 3 21 0 0 1 0 1 0 0 0 0 0 0 0 9 1 13 1 0 9 2 4 0 2 2 2 1 1 2 3 0 3 0 4 0 0 2 0 0 0 0 0 0 2 1 2 5 0 1 9 1 1 0 0 1 1 1 3 1 1 0 2 0 1 0 0 0 2 0 0 0 0 0 1
"DBRTV1" 0 0 1 10 0 1 0 10 47 0 9 1 0 0 33 0 0 5 2 3 0 0 0 3 0 0 1 0 0 1 0 1 1 5 1 3 2 15 7 2 11 3 1 1 29 9 4 3 4 8 1 0 1 0 1 1 0 0 1 0 1 0 1 2 2 1 1 4 3 0 16 2 0 1 6 1 0 1 4 2 0 0 0 5 2 0 0 0 1 1
"DBTRV1" 1 3 0 9 0 2 0 0 0 0 12 1 0 1 0 0 0 0 0 0 2 0 0 0 0 1 0 3 0 3 4 17 6 5 1 9 1 13 9 2 3 4 1 3 3 21 3 2 2 3 68 2 1 0 0 1 0 1 1 1 5 1 2 2 1 5 0 2 3 0 1 1 1 3 10 3 0 1 1 2 1 31 0 2 1 0 0 1 0 3
"FBaV-1" 1 3 3 6 1 4 0 2 14 0 3 0 0 0 1 2 1 22 1 0 0 0 0 1 0 1 1 0 2 2 2 6 2 4 1 3 8 3 7 0 4 1 2 1 1 18 19 9 5 16 7 0 0 1 1 1 0 0 1 2 3 1 1 4 1 1 1 1 4 0 4 0 1 2 2 3 0 2 3 2 0 0 0 2 1 7 0 0 0 0
"FreMV" 0 2 0 0 1 3 0 0 0 0 0 0 1 0 0 1 1 0 0 0 0 0 1 1 0 0 0 0 0 0 0 0 0 0 0 0 0 0 17 6 0 0 0 1 0 0 0 0 0 0 0 0 0 0 0 0 0 0 0 0 0 0 0 0 3 0 0 0 0 0 0 0 2 0 0 4 0 0 0 1 0 0 0 0 0 0 0 0 0 0
"GLRaV-1" 0 0 6 1 1 0 1 0 71 0 1 1 0 0 0 3 1 3 0 0 1 0 0 0 0 0 0 0 0 3 1 7 28 5 4 2 7 2 16 5 5 2 6 7 4 9 19 1 2 13 83 1 1 1 0 1 0 0 0 2 0 0 19 1 3 0 1 0 3 1 1 3 0 0 1 2 1 0 30 15 0 1 3 1 2 0 0 0 0 1
"GLRaV-10" 0 0 0 1 1 0 0 0 0 0 0 1 1 1 0 0 2 0 0 0 0 0 0 0 0 0 0 0 0 0 1 7 0 4 1 0 0 2 4 5 0 2 1 3 0 0 0 0 0 0 0 0 0 0 1 0 0 0 0 0 3 2 3 1 1 0 1 2 2 0 0 0 0 0 1 0 0 0 3 1 0 0 0 0 0 0 0 0 0 0
"GRSPaV" 2 0 0 0 0 0 0 0 0 0 0 0 0 2 0 0 0 0 0 0 0 0 0 0 0 0 0 2 0 0 0 0 0 0 0 0 0 0 0 0 0 0 0 0 0 0 0 0 0 0 0 0 0 0 0 0 0 0 0 0 0 0 0 0 0 1 0 0 0 0 0 0 0 0 0 0 0 0 0 0 0 0 0 0 0 0 0 0 0 0
"HarMV" 0 0 7 7 1 0 0 3 0 0 4 0 0 1 7 1 2 7 0 0 0 1 0 3 0 0 0 1 0 1 1 186 2 4 3 5 1 9 1 3 8 0 0 3 0 71 1091 61 0 2 27 1 0 1 0 1 0 0 0 1 0 0 1 7 6 3 0 1 0 0 15 0 0 0 1 6 5 1 0 5 1 0 1 10 1 0 0 0 0 0
"HBV" 0 1 3 10 0 1 0 1 1 0 5 0 1 0 22 0 0 7 0 0 0 0 0 0 0 0 0 0 0 0 1 1 2 30 3 5 1 0 3 1 32 1 0 1 2 0 0 6 0 0 0 1 0 0 0 3 0 1 0 0 1 2 4 0 1 2 0 1 0 0 9 0 0 3 1 1 2 1 0 47 1 3 0 0 0 0 0 0 0 0
"IYVV" 0 0 4 2 0 0 0 2 2 1 11 3 0 1 10 0 2 16 0 0 1 3 0 0 0 0 1 0 0 1 1 4 3 2 1 1 7 1 2 1 17 8 1 5 3 4 25 8 2 6 47 7 5 0 0 1 0 0 0 0 1 0 2 5 0 0 1 0 1 0 26 3 0 6 6 1 0 1 0 1 1 32 1 0 1 6 0 0 0 0
"LMV" 0 0 2 8 2 1 0 0 3 0 4 6 0 0 4 0 15 17 0 0 0 0 1 5 0 0 0 0 0 1 2 4 3 4 15 5 3 0 37 0 20 9 3 2 4 4 85 96 0 2 15 2 13 1 0 0 0 0 0 0 5 0 3 6 9 4 5 0 3 0 15 1 0 1 0 2 6 2 0 0 1 1 0 4 2 0 0 0 0 0
"LPV" 0 2 20 2 1 1 0 0 0 0 2 2 0 0 0 1 0 2 0 0 0 0 0 0 0 0 0 0 0 1 0 4 4 4 2 1 18 2 2 1 5 6 0 3 1 13 0 1 0 6 0 2 1 0 0 0 0 0 0 0 1 2 3 3 3 0 6 0 0 2 3 1 0 1 3 0 0 0 0 1 1 3 0 1 1 1 0 0 0 0
"MerMV" 0 0 3 2 1 0 0 2 3 2 1 7 2 0 20 1 0 3 1 0 3 1 3 1 0 0 1 1 0 0 0 5 3 2 1 1 1 2 1 2 2 18 6 1 5 54 86 8 11 5 6 2 17 1 0 0 0 0 0 0 1 0 1 3 1 0 0 1 0 0 0 3 4 1 6 3 0 0 1 1 0 14 9 5 0 0 0 0 1 0
"MWMV" 0 0 8 9 1 33 0 5 0 9 0 3 0 0 3 0 1 28 2 0 0 0 0 0 0 0 0 1 0 1 1 11 0 6 2 21 3 91 2 11 1 90 9 0 0 8 0 4 0 8 0 0 5 0 0 0 0 0 0 0 0 0 6 1 18 5 1 3 0 0 1 2 1 1 2 2 2 1 0 2 0 1 1 0 1 0 0 0 0 0
"NLSYV" 0 0 0 0 0 0 0 0 0 0 0 0 0 0 0 0 0 0 0 0 0 0 1 0 0 0 0 0 0 0 0 0 0 0 0 0 0 0 0 0 0 0 0 0 0 0 0 0 0 0 0 0 0 0 0 0 0 0 0 0 0 0 0 0 0 1 0 0 0 0 0 0 0 0 0 0 0 0 0 0 0 0 0 0 0 0 0 0 0 0
"NoMV" 0 0 4 5 0 1 0 0 1 0 1 0 1 1 4 2 1 3 0 0 0 0 0 0 0 0 0 0 0 1 1 1 1 10 2 2 0 0 3 24 6 1 4 5 0 42 0 1 0 14 0 1 1 2 4 0 0 0 0 0 0 0 1 0 1 0 0 0 1 0 1 0 3 18 1 7 4 0 0 2 1 3 1 18 3 1 0 0 0 0
"OYDV" 0 0 6 4 3 2 3 3 6 2 22 0 2 3 4 0 2 4 1 1 1 0 1 4 0 0 4 0 0 1 0 1 5 3 5 10 14 2 5 1 17 1 8 10 7 5 8 2 2 26 31 1 2 2 1 3 1 0 0 0 0 0 6 3 3 3 5 1 2 0 21 3 3 8 2 1 1 0 1 3 1 1 1 10 2 25 1 0 0 0
"PapMV" 1 2 1 10 1 9 0 0 4 1 1 1 0 3 0 1 1 9 0 0 0 0 0 0 1 0 0 0 0 0 2 1 1 2 3 21 2 2 2 1 3 0 0 7 0 2 0 5 0 2 0 0 65 5 0 2 0 0 0 0 0 0 1 1 2 1 1 0 0 1 2 6 0 6 0 2 0 0 0 0 2 0 5 0 2 0 0 0 0 0
"PAV" 0 1 1 1 0 0 0 1 0 0 4 1 0 4 119 0 1 3 0 1 0 0 0 2 8 0 0 0 0 2 0 1 2 1 1 2 1 0 0 5 2 4 0 10 5 2 0 6 0 2 0 2 1 0 2 1 0 0 1 0 1 0 1 1 11 1 1 0 0 3 31 0 0 7 29 0 0 2 1 0 1 1 1 1 24 0 0 0 0 0
"PClSV" 0 0 2 2 4 1 0 4 1 2 3 4 0 1 36 0 1 7 0 1 0 0 0 0 1 0 1 0 0 0 0 1 1 4 1 0 4 16 2 15 4 29 0 8 5 11 7 1 0 13 0 1 0 1 5 1 1 0 0 0 0 0 0 1 2 2 0 1 3 4 1 9 0 3 67 0 0 0 0 14 1 1 0 1 11 35 0 1 0 0
"PDV-1" 0 0 0 0 0 0 0 0 0 0 0 0 0 0 0 0 0 0 0 0 0 0 0 0 0 0 0 0 0 0 0 0 0 0 0 0 0 0 0 0 0 0 0 0 0 0 0 0 0 0 0 0 0 0 0 0 0 0 0 0 0 0 0 0 3 1 2 1 0 1 1 0 0 4 0 0 1 0 0 0 0 1 0 5 2 0 0 0 0 0
"PeAV" 0 0 0 0 0 1 0 0 0 0 0 0 0 0 0 2 0 0 0 0 0 0 0 0 0 0 2 0 0 0 0 0 0 0 0 0 0 0 0 0 0 0 0 0 0 0 0 0 0 0 0 0 0 0 1 0 0 0 0 2 0 0 0 0 0 1 0 0 0 0 0 0 0 0 0 17 0 1 0 0 0 0 0 0 0 0 0 0 0 0
"PeMoV" 0 0 1 44 1 2 0 0 12 0 16 0 0 0 0 2 1 0 0 1 0 4 0 0 3 0 1 0 2 0 0 0 2 3 1 0 3 4 7 4 19 1 12 0 4 0 0 1 0 0 0 7 3 1 2 4 0 0 1 0 0 0 0 1 3 2 2 0 1 2 3 0 1 26 7 3 0 0 0 0 2 2 2 1 0 0 0 0 0 0
"PenMV" 0 0 2 0 0 1 0 4 1 17 11 0 1 1 7 0 0 7 0 5 0 0 0 0 6 0 0 0 0 0 0 1 1 1 0 1 10 2 3 2 10 0 4 2 2 0 0 2 0 0 0 1 47 1 14 4 0 0 0 0 0 0 1 3 0 1 1 0 1 1 52 1 0 7 4 3 0 0 0 3 0 0 1 1 3 0 0 0 0 0
"PiCV-1" 0 0 0 0 0 0 0 0 0 0 0 0 0 1 0 3 3 0 1 0 0 1 1 3 0 3 0 3 0 0 0 0 0 0 0 0 0 0 2 1 0 0 0 1 2 0 0 0 0 14 0 1 3 1 0 1 2 1 0 0 0 0 2 12 0 0 11 0 2 1 1 0 0 2 0 8 1 0 0 2 0 0 4 3 1 34 2 0 0 0
"PkMV" 0 0 0 0 0 1 0 0 0 0 3 2 1 3 0 1 5 0 0 0 0 0 0 2 0 0 2 0 0 0 0 2 0 3 0 0 0 3 5 7 0 5 1 11 0 0 0 0 0 0 0 0 2 1 1 0 0 0 0 0 0 0 1 0 0 0 1 3 3 0 2 0 0 1 0 2 0 0 1 0 0 2 1 2 0 0 1 0 0 0
"PMNV" 0 2 0 0 0 0 0 0 0 0 0 0 0 1 0 9 2 0 0 0 0 0 0 36 0 6 8 0 0 0 0 0 0 0 0 0 0 0 0 0 0 0 0 3 0 0 0 0 0 0 0 0 0 0 0 0 0 0 0 0 0 0 0 0 0 0 0 0 0 0 0 0 0 3 0 1 0 0 2 1 0 0 0 0 0 0 0 0 0 0
"PPV" 0 0 0 4 1 0 0 0 1 2 2 0 1 0 0 0 2 0 0 17 0 1 0 0 0 0 0 2 0 0 0 1 0 3 0 0 2 0 1 1 0 0 8 1 1 0 0 7 0 0 0 0 0 1 2 1 0 1 1 0 0 0 1 0 1 1 3 0 0 0 0 0 0 1 3 0 0 2 0 1 0 0 0 160 0 0 2 1 0 0
"PRSV" 0 0 17 1 1 0 0 1 0 0 15 12 2 0 24 2 7 53 0 2 0 1 2 4 14 2 1 9 0 1 1 0 3 1 1 1 4 2 1 4 19 2 1 1 4 0 0 17 0 2 0 3 8 3 9 7 0 1 0 1 1 0 1 1 1 0 4 0 1 0 7 1 1 1 218 1 1 2 0 0 0 0 3 10 2 0 1 0 0 1
"PSbMV" 0 0 0 1 0 0 0 0 0 0 1 1 0 0 0 1 15 0 0 1 7 0 1 0 0 0 1 0 0 0 0 0 0 1 0 0 0 1 2 4 0 0 2 1 0 0 0 0 0 0 0 0 0 0 1 3 0 0 0 0 0 0 1 0 0 0 0 0 0 0 6 0 0 0 8 0 0 1 0 1 0 2 0 1 0 0 0 0 0 0
"PVMV" 0 0 0 0 0 0 0 0 0 0 0 0 0 1 0 0 0 0 1 1 0 0 0 0 14 7 0 0 0 0 0 0 0 0 0 0 0 0 0 0 0 0 0 0 0 0 0 0 0 0 0 0 0 0 4 0 0 0 0 3 0 0 0 0 0 0 0 0 0 0 0 0 0 0 0 0 0 2 6 0 0 0 0 0 0 0 0 0 0 0
"PYMAV" 0 0 0 0 0 0 0 0 0 0 0 0 0 0 0 0 0 0 0 0 0 0 0 0 0 0 0 4 0 0 0 3 0 2 1 0 0 1 4 4 4 8 2 1 1 0 0 26 0 0 0 1 0 2 2 2 0 0 0 3 0 0 0 3 2 0 0 0 0 3 0 1 0 3 2 6 0 0 0 0 1 0 1 3 0 0 0 1 0 0
"PyV" 0 0 0 0 0 0 0 0 23 0 3 1 0 1 0 1 1 9 0 0 1 0 0 0 0 0 0 2 1 2 0 1 0 2 1 2 1 2 5 1 17 7 4 22 1 3 21 3 7 1 116 0 1 1 0 4 0 1 0 1 0 0 0 0 0 0 0 0 1 0 3 7 0 0 0 1 2 1 125 1 0 0 3 2 1 0 0 1 0 0
"PYV" 1 0 1 1 1 2 0 1 1 2 1 1 0 0 7 1 4 2 6 3 0 2 1 1 0 2 2 0 0 22 1 1 2 1 2 2 1 1 1 3 3 2 1 1 22 5 13 2 4 39 17 4 3 0 1 5 0 0 0 4 2 0 1 1 1 1 0 0 0 1 2 16 0 1 4 1 1 0 2 5 0 16 2 1 1 28 0 0 1 1
"RCCV-A" 0 0 0 0 0 0 0 0 0 0 0 0 0 1 0 0 0 0 0 0 0 0 3 0 4 0 0 0 0 0 0 0 0 0 0 0 0 0 0 0 0 0 0 0 0 0 0 0 0 0 0 0 0 0 0 0 0 0 0 0 0 0 0 0 1 0 0 0 0 0 0 0 0 0 0 0 0 0 0 0 0 0 0 0 0 0 0 0 0 0
"RuFDV" 0 0 0 0 0 0 0 0 0 0 0 0 0 0 0 0 1 0 0 0 0 1 0 2 0 0 13 0 0 0 1 0 0 0 0 0 0 0 1 4 0 0 0 1 0 0 0 0 0 0 0 0 1 0 0 2 0 0 4 4 2 0 0 0 0 0 0 1 0 0 1 0 0 1 0 1 0 1 0 1 0 1 0 4 0 0 0 0 0 0
"SCBV" 2 2 0 1 0 0 0 1 0 11 1 1 0 0 2 1 1 6 0 1 0 0 1 0 0 1 4 1 0 1 9 6 0 0 0 2 3 1 1 2 1 2 1 1 1 26 0 1 0 40 0 0 6 2 0 1 1 1 0 2 5 1 0 2 0 0 2 0 0 1 1 2 0 1 0 2 0 0 0 22 2 0 5 6 0 12 1 0 1 0
"SCMV" 5 0 4 8 0 5 0 1 0 0 1 2 2 2 6 1 0 46 0 0 0 0 0 4 0 0 8 1 0 69 3 2 23 2 0 0 1 1 1 4 3 4 3 6 2 98 0 0 0 31 0 1 0 1 0 11 0 0 0 0 0 0 0 2 0 1 0 0 0 1 44 10 1 0 2 3 0 1 0 1 6 0 0 0 1 0 0 0 0 0
"SPBgV" 0 0 5 0 0 0 0 0 0 1 8 1 0 1 4 1 10 8 0 0 9 0 0 1 1 1 0 2 2 3 2 2 1 1 0 2 1 1 2 0 4 4 2 6 2 42 14 15 2 5 76 0 6 1 2 1 0 0 0 2 5 0 1 1 0 2 0 0 0 0 5 0 1 5 3 9 0 0 1 1 1 0 2 2 3 5 0 1 1 1
"SPC6V" 0 5 5 1 0 1 0 1 1 1 1 1 0 1 2 0 2 4 0 0 9 3 0 2 1 1 1 2 0 1 1 31 6 0 1 1 2 1 1 2 2 1 1 2 1 4 138 5 1 2 137 5 1 2 1 0 0 1 1 1 2 1 4 0 0 0 0 0 0 0 1 1 0 4 1 0 1 1 1 0 2 4 0 8 5 9 0 1 0 0
"SPCFV" 0 2 4 4 2 0 0 1 1 1 4 1 1 1 34 1 7 4 2 0 6 4 0 1 1 1 4 3 1 1 1 14 3 3 4 1 2 1 1 1 5 3 4 5 40 19 99 3 8 2 172 7 2 1 1 2 1 1 1 1 2 1 2 3 3 0 0 0 0 0 5 4 1 6 22 3 3 0 4 1 2 9 1 2 2 9 1 1 1 0
"SPCSV" 1 3 3 2 0 0 0 1 1 3 1 1 1 2 11 0 5 4 0 1 2 4 0 2 1 2 1 0 1 1 3 15 2 1 1 0 2 1 1 2 1 3 3 5 10 9 87 3 1 15 52 7 0 1 1 5 0 0 1 1 5 1 2 1 0 0 0 0 0 0 1 5 1 6 6 1 2 1 1 3 1 9 0 3 1 24 0 0 1 0
"SPCV" 0 1 21 6 0 0 0 2 1 2 1 1 0 0 5 0 1 8 0 1 1 4 2 1 2 2 0 1 1 3 1 4 17 4 0 1 2 1 1 1 2 1 2 1 4 4 7 6 1 11 9 8 11 0 4 4 0 0 1 1 1 0 13 4 0 0 0 0 0 0 1 2 1 2 3 1 0 1 0 2 0 15 8 1 7 22 0 0 1 0
"SPFMV" 0 1 12 3 1 3 0 1 1 2 1 2 1 1 15 4 3 19 0 4 0 4 3 1 1 1 1 3 1 3 1 5 10 2 3 6 1 2 1 1 1 3 2 4 14 77 54 15 1 55 9 6 15 1 1 3 0 1 1 2 1 0 7 3 2 2 0 0 0 0 1 6 1 5 9 12 1 3 0 13 0 10 10 2 2 14 0 1 1 0
"SPGVaV" 0 1 8 1 0 0 0 1 0 1 1 0 0 1 13 1 1 11 0 1 2 1 2 0 1 0 3 1 0 4 0 18 6 3 1 0 0 1 1 1 2 0 4 3 5 18 47 7 0 11 28 2 10 0 1 1 1 0 0 5 1 1 11 1 1 0 0 0 0 0 2 0 1 4 23 3 1 2 0 1 1 2 7 0 2 54 0 0 0 0
"SPLCV" 0 2 7 13 2 0 0 1 2 2 1 1 0 1 4 0 0 2 1 1 2 1 2 7 0 4 2 0 1 3 1 3 5 11 3 0 1 1 1 3 2 1 1 2 9 10 10 1 1 4 35 1 19 4 1 7 1 0 0 2 2 0 2 14 2 0 0 0 0 0 1 1 0 3 4 1 0 0 1 1 1 1 7 9 1 51 0 0 0 1
"SPLV" 0 0 7 2 0 1 0 0 0 0 0 0 0 1 12 1 4 7 0 0 0 0 0 5 1 0 1 1 49 4 1 1 4 4 1 5 16 0 0 1 1 0 1 4 3 28 382 15 6 1 199 0 0 7 5 1 0 0 0 1 7 0 1 12 2 0 0 0 0 0 0 0 1 3 7 4 0 2 2 0 5 1 1 0 1 0 1 0 0 1
"SPMMV" 1 0 12 8 0 0 0 0 1 1 2 1 0 2 16 1 2 3 1 0 2 1 1 4 0 1 1 2 0 1 2 3 11 11 1 2 1 0 1 1 2 2 1 2 13 28 37 5 2 5 26 2 6 4 0 2 0 1 0 1 4 0 8 5 1 1 0 0 0 0 4 1 0 3 6 4 1 0 1 1 0 2 2 15 0 12 0 1 0 0
"SPMV" 1 1 3 4 5 2 0 0 0 1 1 1 0 0 6 0 1 2 0 1 1 0 0 7 2 1 4 3 0 1 2 11 2 5 13 6 0 1 1 2 3 1 1 1 2 10 60 2 0 7 27 1 1 5 4 1 1 1 0 1 2 0 2 2 8 2 0 0 0 0 2 4 0 1 3 1 1 0 0 2 0 8 1 12 11 3 1 0 0 0
"SPPV" 1 1 2 4 3 1 0 3 0 3 1 0 0 1 7 1 7 38 0 2 1 5 0 7 4 1 1 1 0 6 2 7 2 3 7 3 4 4 0 2 2 1 1 3 6 26 100 31 2 27 19 8 1 4 7 2 0 1 0 3 4 1 1 3 4 1 1 1 0 0 2 1 0 4 4 4 2 5 1 6 0 11 1 13 13 9 0 0 0 1
"SPSMV-1" 0 1 3 11 3 1 0 0 0 3 1 1 0 0 8 1 6 12 0 1 1 1 1 3 3 0 2 1 1 1 0 8 2 11 8 2 2 0 0 2 1 1 1 1 9 22 75 11 1 20 17 1 5 2 5 0 0 0 1 0 1 1 2 10 5 1 0 0 0 0 2 2 0 1 5 3 2 2 0 4 0 1 4 5 10 1 0 0 1 0
"SPV2" 0 1 4 3 2 11 0 0 1 2 2 1 0 0 3 1 1 6 0 0 2 0 1 0 2 3 1 3 1 1 1 10 4 2 2 21 5 0 0 1 2 1 1 1 6 11 13 3 0 4 60 1 3 0 6 10 0 2 1 0 1 1 4 2 2 7 1 0 0 0 3 1 0 1 1 2 0 1 0 1 1 2 2 1 12 40 0 1 1 0
"SPVC" 1 2 7 2 1 4 0 2 3 1 2 0 0 0 9 1 4 18 2 2 4 0 5 1 3 7 1 1 1 2 3 11 5 1 3 10 3 3 3 0 3 1 1 1 7 17 64 12 9 16 93 1 17 0 6 14 0 0 0 1 4 1 4 1 1 3 1 1 1 0 2 2 0 1 6 2 1 2 2 3 2 1 10 1 10 73 0 0 1 0
"SPVCV" 0 0 9 2 3 5 0 1 0 0 2 0 0 0 2 1 4 16 1 0 3 0 0 2 2 5 0 1 0 5 0 2 7 2 10 11 2 1 0 0 2 1 1 1 1 20 69 12 3 6 65 1 2 2 2 12 0 1 0 2 1 0 4 2 6 4 0 0 0 0 2 1 0 2 1 3 1 2 1 2 1 1 1 4 4 58 0 0 0 1
"SPVE" 0 0 10 4 1 2 2 3 0 1 1 1 0 0 3 0 3 4 0 0 0 1 0 2 0 5 6 0 1 4 0 4 8 3 2 5 19 3 0 1 1 1 1 1 2 8 25 4 1 2 10 2 2 1 0 13 1 0 1 2 1 0 7 3 1 1 3 1 0 0 1 3 0 1 2 1 1 1 1 1 0 3 1 3 1 63 1 0 1 0
"SPVF" 1 0 3 7 0 0 1 1 1 2 1 0 0 0 1 0 0 14 0 0 0 0 0 0 0 8 7 0 0 1 0 4 9 0 3 4 15 4 7 2 1 1 0 1 0 0 0 5 0 21 0 2 1 3 3 19 0 0 0 0 0 0 4 3 0 0 0 14 0 0 0 0 0 2 0 0 0 0 2 6 0 3 0 10 0 0 1 0 0 0
"SPVG" 0 0 2 6 1 5 1 1 1 1 0 1 0 0 4 0 3 11 1 1 1 2 0 1 1 2 7 0 1 1 2 2 1 5 2 13 10 1 1 1 0 1 1 1 4 3 46 8 3 17 24 3 2 1 2 5 2 0 1 1 3 0 1 5 1 4 2 0 0 0 0 3 0 1 2 0 1 2 2 4 0 6 1 2 4 22 2 0 1 0
"SPYMV" 0 0 3 8 1 1 0 12 3 0 1 0 0 0 3 0 1 8 0 1 0 0 1 1 1 0 8 4 0 6 2 2 2 6 3 2 4 12 3 0 1 1 1 1 2 5 15 5 1 8 12 0 4 1 1 1 2 2 0 3 3 0 2 5 2 1 1 3 1 0 1 2 0 2 2 1 0 1 0 2 0 0 3 2 2 4 2 1 0 1
"TaBV" 0 0 0 0 0 0 0 0 0 0 0 0 0 0 0 0 0 0 0 0 0 0 0 0 0 0 0 0 0 0 0 0 0 0 0 0 0 0 0 0 0 0 0 0 0 0 0 0 0 0 0 0 0 0 0 0 0 0 0 0 0 0 0 0 2 0 0 0 0 0 0 0 0 1 0 1 0 1 1 1 0 0 0 0 0 0 5 0 0 0
"ToBV-1" 0 1 2 1 1 1 0 4 1 1 0 0 0 0 3 0 1 8 1 1 0 0 1 1 0 1 2 1 0 2 1 10 1 1 4 3 8 9 1 2 1 0 1 1 2 8 4 4 3 12 58 1 8 1 1 5 1 2 0 2 2 1 1 1 3 1 2 2 0 0 1 0 0 1 2 1 0 2 0 4 1 1 8 1 2 16 0 1 0 1
"ToLCPaV" 0 0 1 4 1 0 0 1 3 0 0 0 0 0 3 0 0 3 0 0 0 0 0 3 0 0 0 0 1 0 3 4 1 35 1 2 0 3 9 2 0 0 1 0 1 9 9 1 3 3 9 1 3 0 1 1 0 7 1 0 0 0 1 2 4 1 0 0 4 1 0 0 0 2 0 1 0 1 0 1 0 1 0 8 2 0 0 1 0 0
"TuMV" 0 1 2 10 1 3 0 1 3 0 1 3 0 0 6 0 1 6 1 2 4 0 0 0 0 0 0 2 1 1 1 1 0 17 4 3 1 10 8 1 7 6 0 2 1 0 0 6 0 0 0 4 11 1 1 19 0 2 8 1 0 1 1 2 3 1 1 0 1 0 4 1 0 2 0 1 2 0 0 2 0 31 1 8 1 0 0 1 1 0
"UPotV1" 0 2 0 0 0 1 0 0 0 0 0 0 0 1 0 3 0 0 0 0 0 0 0 45 0 1 4 0 0 0 0 0 0 0 0 0 0 0 0 0 0 0 0 3 0 0 0 0 0 0 0 0 0 0 0 0 0 0 0 0 0 0 0 0 0 0 0 0 0 0 0 0 0 2 0 0 0 1 3 4 0 0 0 0 0 0 0 0 0 0
"WMV" 0 0 2 0 0 1 0 1 1 5 1 0 0 0 5 0 0 2 0 5 0 0 0 0 0 0 1 0 0 3 0 4 10 1 2 8 28 0 0 43 6 0 1 0 1 4 0 0 0 5 0 1 0 0 0 1 0 0 6 1 0 1 2 1 1 2 0 0 1 3 4 0 0 1 1 1 1 0 0 1 0 1 0 0 9 6 0 0 1 0
"WTMV" 0 0 0 0 0 1 0 0 0 0 0 0 0 0 0 0 0 0 0 3 61 0 1 2 3 0 14 1 0 0 0 0 0 0 0 0 0 0 0 0 0 0 0 0 0 0 0 0 0 0 0 0 0 0 13 0 0 0 0 1 0 0 0 0 7 1 0 0 0 0 0 0 0 0 0 0 0 0 1 0 0 0 0 0 0 0 0 0 0 0
"YMV" 0 1 1 6 0 0 1 1 2 4 2 0 0 0 8 0 0 3 0 1 10 2 0 1 1 1 4 2 0 5 0 4 3 4 1 2 7 2 8 7 1 1 0 0 1 6 12 4 0 57 196 3 10 0 4 1 0 1 1 2 0 1 1 3 1 0 1 2 2 2 4 0 0 0 3 1 0 1 0 4 1 2 2 3 6 20 0 1 1 1
"ZTMV" 0 1 0 2 0 0 0 0 0 0 0 1 0 0 0 1 2 0 0 0 0 0 1 0 0 0 0 0 0 0 2 1 0 6 0 0 10 4 1 1 0 1 0 1 0 0 0 0 0 0 0 0 0 0 0 1 0 0 0 4 1 0 4 2 0 0 2 0 1 0 4 0 0 2 0 1 0 0 0 1 2 0 0 0 0 0 0 0 0 0
